
strategic_region={
	id=1
	name="STRATEGICREGION_1"
	provinces={
		1 2 3 5 7 8 9 11 13 14 15 16 17 18 19 21 22 23 24 25 26 27 28 29 30 31 32 33 34 35 36 37 38 39 40 41 42 43 45 46 47 48 49 50 51 52 53 54 55 56 57 59 60 61 62 63 64 65 66 67 68 70 71 72 73 75 76 77 78 79 80 81 82 84 85 86 87 89 90 91 92 96 97 98 99 100 101 103 104 105 106 107 109 110 111 112 113 114 115 116 117 119 120 121 122 124 125 126 127 128 129 132 133 134 135 138 139 141 142 143 144 145 146 147 148 149 151 152 153 155 156 157 158 159 161 162 163 164 165 166 168 169 170 171 172 174 175 176 177 179 181 182 183 184 185 186 188 189 190 191 193 194 195 196 197 198 199 200 201 203 205 206 207 208 210 212 213 214 217 218 219 220 221 222 223 224 225 226 227 228 229 230 231 232 233 234 235 236 237 238 239 240 241 242 243 244 245 246 248 251 254 255 256 257 258 259 261 262 263 264 265 266 267 268 269 271 272 273 274 275 276 277 278 279 280 281 282 283 284 285 286 287 288 289 290 292 293 294 295 296 297 298 300 301 302 303 304 305 306 307 308 309 310 311 312 313 314 316 318 319 320 321 322 323 324 326 327 328 329 330 331 332 333 334 335 336 337 338 339 340 341 342 343 344 345 346 347 348 349 350 351 352 353 354 355 356 357 358 359 360 361 362 363 364 365 366 367 368 369 370 371 372 374 375 377 378 379 381 382 383 384 385 386 387 388 389 390 391 392 393 394 395 396 397 398 399 400 401 402 403 404 405 406 407 408 409 410 411 412 413 414 415 416 417 418 419 420 421 422 423 424 425 426 428 429 430 431 432 433 434 435 436 438 439 440 441 442 443 444 445 446 448 449 450 451 452 453 454 455 457 458 459 460 461 462 463 464 465 466 467 468 469 470 471 472 473 475 476 477 478 479 480 481 482 483 484 485 486 487 488 489 490 491 492 493 494 495 496 497 498 499 500 501 502 503 504 505 506 507 508 509 510 511 512 514 515 516 517 518 519 520 521 522 523 524 525 526 527 528 529 530 531 532 533 534 535 536 537 538 539 540 541 542 543 544 545 546 547 548 549 551 552 553 554 555 556 557 558 559 560 562 563 564 565 566 567 568 569 570 571 572 573 574 575 577 578 579 580 581 582 583 584 585 586 587 588 589 590 591 592 593 594 595 596 597 598 599 600 601 602 603 604 605 606 607 608 609 610 611 612 613 614 615 616 617 618 619 620 621 622 623 624 625 626 627 628 629 630 631 632 633 634 635 636 637 638 640 641 642 643 644 645 646 647 648 649 650 651 652 653 654 655 656 657 658 659 660 661 662 663 664 665 666 667 668 669 670 671 672 673 675 676 677 678 679 680 681 682 683 684 685 686 687 688 689 690 691 692 693 694 695 696 697 698 699 700 701 702 703 704 705 706 707 708 709 710 711 712 713 714 715 716 717 718 719 720 721 722 723 724 725 726 727 728 729 730 731 732 733 734 735 736 737 738 739 740 741 742 743 745 746 747 748 749 750 752 753 754 755 756 757 758 759 760 761 762 763 764 765 766 767 768 769 770 771 772 773 774 775 777 778 779 780 781 783 784 785 786 787 788 789 790 791 792 793 794 795 796 797 798 799 800 801 802 803 804 805 806 807 808 809 810 811 812 813 814 815 816 817 818 819 820 821 822 823 824 825 826 827 828 829 830 831 832 833 873 894 954 1008 1025 1163 1164 1204 1233 1250 1258 1262 1406 1450 1480 1503 1527 1549 1567 1604 1606 1634 1636 1639 1662 1672 1681 1708 1720 1733 1772 1787 1788 1790 1809 1813 1827 1840 1847 1854 1929 1946 1949 1959 1983 1985 2028 2052 2126 2138 2139 2140 2141 2149 2234 2252 2253 2254 2255 2256 2259 2284 2285 2286 2299 2370 2408 2418 2439 2550 2551 2552 2553 2563 2566 2641 2665 2667 2681 2697 2716 2799 2869 2870 2901 2915 2916 2948 2989 3006 3018 3022 3044 3050 3054 3067 3115 3298 3302 3325 3409 3410 3411 3423 3453 3497 3500 3502 3508 3511 3515 3528 3532 3556 3557 3568 3576 3581 3589 3591 3607 3610 3618 3627 3628 3633 3634 3636 3645 3656 3659 3670 3689 3690 3693 3709 3720 3728 3774 3775 3776 3777 3778 3779 3780 3782 3783 3784 3785 3786 3787 3789 4073 4074 4075 4076 4077 4078 4079 4080 4082 4083 4084 4091 4092 4093 4096 4097 4098 4099 4103 4106 4111 4112 4113 4115 4116 4117 4118 4121 4122 4123 4125 4127 4129 4130 4131 4132 4133 4134 4135 4136 4137 4138 4139 4141 4142 4143 4144 4145 4147 4150 4152 4153 4154 4155 4156 4157 4162 4163 4166 4167 4168 4169 4170 4171 4175 4176 4177 4178 4179 4180 4182 4185 4186 4187 4189 4190 4191 4193 4194 4195 4196 4197 4198 4199 4203 4204 4205 4206 4207 4208 4209 4210 4211 4212 4213 4215 4216 4219 4222 4223 4224 4225 4226 4227 4228 4231 4233 4234 4235 4236 4238 4241 4242 4246 4248 4249 4252 4254 4255 4259 4260 4261 4262 4263 4267 4270 4272 4276 4280 4281 4288 4292 4293 4294 4295 4296 4300 4302 4303 4304 4306 4307 4308 4309 4311 4312 4314 4315 4316 4317 4318 4319 4320 4321 4322 4323 4324 4327 4328 4329 4344 4345 4346 4347 4351 4352 4353 4358 4359 4360 4361 4362 4363 4364 4365 4366 4367 4368 4369 4370 4371 4372 4373 4374 4375 4377 4378 4379 4546 4569 4570 4571 4581 4582 4586 4587 4597 4598 4611 4612 4619 4626 4630 4634 4638 4642 4646 4659 
	}
	weather={
		period={
			between={ 0.0 30.0 }
			temperature={ -35.0 1.0 }
			no_phenomenon=0.400
			rain_light=0.000
			rain_heavy=0.000
			snow=0.800
			blizzard=0.700
			arctic_water=0.700
			mud=0.000
			sandstorm=0.000
			min_snow_level=0.400
		}
		period={
			between={ 0.1 27.1 }
			temperature={ -35.0 1.0 }
			no_phenomenon=0.400
			rain_light=0.000
			rain_heavy=0.000
			snow=0.800
			blizzard=0.700
			arctic_water=0.700
			mud=0.000
			sandstorm=0.000
			min_snow_level=0.400
		}
		period={
			between={ 0.2 30.2 }
			temperature={ -35.0 1.0 }
			no_phenomenon=0.600
			rain_light=0.000
			rain_heavy=0.000
			snow=0.400
			blizzard=0.100
			arctic_water=0.000
			mud=0.125
			sandstorm=0.000
			min_snow_level=0.200
		}
		period={
			between={ 0.3 29.3 }
			temperature={ -35.0 1.0 }
			no_phenomenon=0.600
			rain_light=0.000
			rain_heavy=0.000
			snow=0.300
			blizzard=0.050
			arctic_water=0.000
			mud=0.125
			sandstorm=0.000
			min_snow_level=0.050
		}
		period={
			between={ 0.4 30.4 }
			temperature={ -35.0 1.0 }
			no_phenomenon=0.600
			rain_light=0.200
			rain_heavy=0.100
			snow=0.200
			blizzard=0.000
			arctic_water=0.000
			mud=0.125
			sandstorm=0.000
			min_snow_level=0.000
		}
		period={
			between={ 0.5 29.5 }
			temperature={ -35.0 1.0 }
			no_phenomenon=0.600
			rain_light=0.300
			rain_heavy=0.100
			snow=0.050
			blizzard=0.000
			arctic_water=0.000
			mud=0.125
			sandstorm=0.000
			min_snow_level=0.000
		}
		period={
			between={ 0.6 30.6 }
			temperature={ -35.0 1.0 }
			no_phenomenon=0.700
			rain_light=0.400
			rain_heavy=0.200
			snow=0.000
			blizzard=0.000
			arctic_water=0.000
			mud=0.125
			sandstorm=0.000
			min_snow_level=0.000
		}
		period={
			between={ 0.7 30.7 }
			temperature={ -35.0 1.0 }
			no_phenomenon=0.700
			rain_light=0.400
			rain_heavy=0.200
			snow=0.000
			blizzard=0.000
			arctic_water=0.000
			mud=0.125
			sandstorm=0.000
			min_snow_level=0.000
		}
		period={
			between={ 0.8 29.8 }
			temperature={ -35.0 1.0 }
			no_phenomenon=0.300
			rain_light=0.000
			rain_heavy=0.000
			snow=0.300
			blizzard=0.050
			arctic_water=0.000
			mud=0.125
			sandstorm=0.000
			min_snow_level=0.000
		}
		period={
			between={ 0.9 30.9 }
			temperature={ -35.0 1.0 }
			no_phenomenon=0.200
			rain_light=0.000
			rain_heavy=0.000
			snow=0.400
			blizzard=0.100
			arctic_water=0.000
			mud=0.125
			sandstorm=0.000
			min_snow_level=0.000
		}
		period={
			between={ 0.10 29.10 }
			temperature={ -35.0 1.0 }
			no_phenomenon=0.500
			rain_light=0.000
			rain_heavy=0.000
			snow=0.300
			blizzard=0.200
			arctic_water=0.000
			mud=0.125
			sandstorm=0.000
			min_snow_level=0.050
		}
		period={
			between={ 0.11 30.11 }
			temperature={ -35.0 1.0 }
			no_phenomenon=0.400
			rain_light=0.000
			rain_heavy=0.000
			snow=0.800
			blizzard=0.700
			arctic_water=0.700
			mud=0.000
			sandstorm=0.000
			min_snow_level=0.400
		}
		period={
			between={ 4.11 21.11 }
			temperature={ -35.0 1.0 }
			no_phenomenon=0.400
			rain_light=0.000
			rain_heavy=0.000
			snow=0.800
			blizzard=0.700
			arctic_water=0.700
			mud=0.000
			sandstorm=0.000
			min_snow_level=0.400
		}
	}
}
