
strategic_region={
	id=2
	name="STRATEGICREGION_2"
	provinces={
		6 10 108 118 123 130 137 178 202 216 247 299 474 856 859 896 897 898 899 900 901 903 904 905 906 907 908 911 912 913 914 915 919 920 923 924 925 926 927 928 929 931 932 933 934 935 936 940 943 950 951 955 956 958 960 963 964 965 966 967 970 971 972 975 979 981 982 984 985 987 988 998 999 1001 1002 1003 1004 1007 1013 1014 1015 1016 1019 1020 1023 1024 1026 1029 1038 1039 1041 1042 1044 1045 1048 1049 1050 1051 1052 1055 1056 1057 1058 1060 1061 1063 1064 1069 1075 1076 1077 1078 1079 1080 1088 1089 1094 1095 1096 1097 1098 1099 1100 1101 1102 1103 1107 1108 1109 1110 1111 1113 1114 1115 1116 1117 1120 1121 1122 1123 1125 1126 1127 1128 1129 1130 1131 1132 1133 1137 1138 1139 1140 1141 1142 1143 1144 1145 1146 1149 1150 1151 1152 1153 1154 1155 1156 1157 1158 1169 1170 1171 1172 1175 1176 1181 1183 1186 1190 1191 1194 1195 1198 1199 1200 1203 1207 1208 1209 1210 1211 1212 1213 1220 1221 1224 1225 1226 1231 1240 1242 1243 1248 1249 1263 1264 1270 1271 1273 1274 1281 1284 1285 1289 1290 1293 1294 1297 1298 1303 1304 1312 1313 1314 1317 1318 1319 1321 1322 1323 1332 1333 1334 1336 1337 1338 1339 1341 1342 1343 1344 1345 1346 1351 1352 1355 1360 1361 1362 1363 1365 1366 1372 1378 1385 1386 1387 1388 1389 1403 1404 1413 1423 1468 1469 1478 1479 1483 1486 1488 1493 1494 1497 1498 1507 1508 1515 1516 1518 1520 1522 1523 1524 1525 1526 1535 1545 1589 1590 1594 1595 1598 1600 1601 1602 1605 1607 1608 1609 1610 1611 1612 1613 1615 1617 1621 1623 1624 1625 1626 1627 1630 1631 1633 1638 1640 1658 1660 1663 1666 1667 1673 1674 1675 1682 1683 1685 1688 1689 1690 1693 1694 1697 1698 1699 1701 1702 1710 1711 1722 1726 1731 1732 1736 1737 1738 1743 1744 1749 1750 1751 1752 1758 1759 1763 1764 1771 1773 1774 1782 1786 1794 1801 1806 1810 1811 1816 1817 1818 1819 1820 1821 1825 1831 1835 1837 1848 1849 1868 1869 1877 1882 1899 1904 1906 1907 1910 1911 1916 1927 1928 1943 1944 1964 1972 1973 1979 1991 1994 1995 2002 2003 2029 2031 2032 2035 2064 2065 2073 2078 2081 2082 2083 2084 2088 2089 2090 2094 2095 2098 2099 2106 2107 2108 2111 2112 2115 2118 2120 2121 2122 2123 2127 2128 2129 2130 2133 2135 2142 2145 2146 2147 2148 2150 2152 2153 2156 2157 2160 2161 2162 2171 2173 2174 2179 2181 2186 2187 2188 2190 2191 2192 2198 2200 2205 2206 2207 2208 2213 2214 2215 2218 2219 2220 2221 2222 2224 2226 2228 2239 2240 2243 2244 2257 2258 2260 2261 2266 2267 2269 2270 2276 2277 2279 2280 2291 2292 2305 2309 2318 2325 2326 2333 2334 2341 2342 2343 2344 2345 2350 2355 2358 2363 2364 2398 2402 2403 2404 2419 2422 2427 2428 2429 2430 2432 2433 2443 2448 2449 2451 2452 2453 2454 2459 2460 2467 2468 2478 2479 2480 2481 2486 2489 2490 2496 2497 2498 2501 2502 2503 2504 2505 2506 2507 2510 2511 2517 2518 2519 2524 2525 2526 2527 2528 2531 2532 2540 2541 2542 2543 2548 2549 2557 2558 2564 2568 2604 2605 2611 2614 2622 2623 2624 2625 2627 2628 2633 2648 2649 2651 2652 2659 2662 2666 2671 2672 2673 2679 2680 2683 2686 2692 2721 2722 2726 2732 2761 2762 2769 2774 2785 2791 2792 2796 2797 2808 2809 2823 2824 2829 2832 2853 2859 2860 2862 2863 2881 2882 2902 2906 3060 3061 3068 3072 3080 3085 3086 3091 3092 3109 3110 3136 3137 3142 3145 3152 3154 3159 3162 3163 3357 3358 3369 3370 3371 3372 3373 3374 3375 3376 3377 3388 3405 3406 3407 3408 3420 3421 3422 3424 3425 3426 3429 3431 3433 3434 3437 3441 3443 3444 3445 3447 3448 3449 3450 3451 3452 3456 3457 3458 3463 3465 3469 3471 3475 3476 3477 3478 3479 3480 3483 3485 3491 3494 3496 3503 3507 3510 3512 3517 3519 3521 3522 3523 3526 3527 3530 3534 3536 3541 3542 3543 3544 3545 3562 3563 3565 3566 3569 3573 3579 3580 3582 3583 3586 3590 3601 3604 3605 3614 3615 3619 3620 3621 3622 3623 3624 3627 3628 3629 3630 3631 3632 3637 3638 3639 3640 3641 3643 3650 3653 3654 3655 3657 3658 3661 3663 3666 3669 3671 3672 3673 3674 3675 3676 3677 3678 3685 3688 3692 3696 3698 3705 3707 3710 3711 3712 3717 3722 3723 3724 3725 3730 3739 3805 3814 3815 3816 3819 3820 3821 3822 3823 3824 3825 3827 3828 3829 3830 3831 3832 3833 3834 3835 3836 3837 3843 3844 3845 3846 3847 3848 3850 3851 3852 3881 3882 3883 3887 3888 3889 3890 3893 3894 3896 3902 3903 3904 3925 3926 3927 3941 3943 3944 3947 3948 3949 3956 3957 3958 3959 3960 3962 3963 3964 3967 3968 3969 3970 3971 3973 3974 3999 4000 4001 4002 4003 4007 4008 4009 4010 4011 4012 4013 4014 4015 4016 4039 4040 4041 4064 4065 4066 4067 4068 4069 4072 4085 4086 4087 4088 4089 4090 4094 4095 4100 4101 4102 4200 4201 4202 4217 4218 4220 4289 4290 4291 4376 4380 4381 4382 
	}
	weather={
		period={
			between={ 0.0 30.0 }
			temperature={ -8.0 5.0 }
			no_phenomenon=0.400
			rain_light=0.000
			rain_heavy=0.000
			snow=0.000
			blizzard=0.000
			arctic_water=0.000
			mud=0.000
			sandstorm=0.000
			min_snow_level=0.000
		}
		period={
			between={ 0.1 27.1 }
			temperature={ -8.0 5.0 }
			no_phenomenon=0.400
			rain_light=0.000
			rain_heavy=0.000
			snow=0.000
			blizzard=0.000
			arctic_water=0.000
			mud=0.000
			sandstorm=0.000
			min_snow_level=0.000
		}
		period={
			between={ 0.2 30.2 }
			temperature={ -8.0 5.0 }
			no_phenomenon=0.400
			rain_light=0.000
			rain_heavy=0.000
			snow=0.000
			blizzard=0.000
			arctic_water=0.000
			mud=0.000
			sandstorm=0.000
			min_snow_level=0.000
		}
		period={
			between={ 0.3 29.3 }
			temperature={ -8.0 5.0 }
			no_phenomenon=0.400
			rain_light=0.000
			rain_heavy=0.000
			snow=0.000
			blizzard=0.000
			arctic_water=0.000
			mud=0.000
			sandstorm=0.000
			min_snow_level=0.000
		}
		period={
			between={ 0.4 30.4 }
			temperature={ -8.0 5.0 }
			no_phenomenon=0.400
			rain_light=0.000
			rain_heavy=0.000
			snow=0.000
			blizzard=0.000
			arctic_water=0.000
			mud=0.000
			sandstorm=0.000
			min_snow_level=0.000
		}
		period={
			between={ 0.5 29.5 }
			temperature={ -8.0 5.0 }
			no_phenomenon=0.400
			rain_light=0.000
			rain_heavy=0.000
			snow=0.000
			blizzard=0.000
			arctic_water=0.000
			mud=0.000
			sandstorm=0.000
			min_snow_level=0.000
		}
		period={
			between={ 0.6 30.6 }
			temperature={ -8.0 5.0 }
			no_phenomenon=0.400
			rain_light=0.000
			rain_heavy=0.000
			snow=0.000
			blizzard=0.000
			arctic_water=0.000
			mud=0.000
			sandstorm=0.000
			min_snow_level=0.000
		}
		period={
			between={ 0.7 30.7 }
			temperature={ -8.0 5.0 }
			no_phenomenon=0.400
			rain_light=0.000
			rain_heavy=0.000
			snow=0.000
			blizzard=0.000
			arctic_water=0.000
			mud=0.000
			sandstorm=0.000
			min_snow_level=0.000
		}
		period={
			between={ 0.8 29.8 }
			temperature={ -8.0 5.0 }
			no_phenomenon=0.400
			rain_light=0.000
			rain_heavy=0.000
			snow=0.000
			blizzard=0.000
			arctic_water=0.000
			mud=0.000
			sandstorm=0.000
			min_snow_level=0.000
		}
		period={
			between={ 0.9 30.9 }
			temperature={ -8.0 5.0 }
			no_phenomenon=0.400
			rain_light=0.000
			rain_heavy=0.000
			snow=0.000
			blizzard=0.000
			arctic_water=0.000
			mud=0.000
			sandstorm=0.000
			min_snow_level=0.000
		}
		period={
			between={ 0.10 29.10 }
			temperature={ -8.0 5.0 }
			no_phenomenon=0.400
			rain_light=0.000
			rain_heavy=0.000
			snow=0.000
			blizzard=0.000
			arctic_water=0.000
			mud=0.000
			sandstorm=0.000
			min_snow_level=0.000
		}
		period={
			between={ 0.11 30.11 }
			temperature={ -8.0 5.0 }
			no_phenomenon=0.400
			rain_light=0.000
			rain_heavy=0.000
			snow=0.000
			blizzard=0.000
			arctic_water=0.000
			mud=0.000
			sandstorm=0.000
			min_snow_level=0.000
		}
		period={
			between={ 4.11 21.11 }
			temperature={ -8.0 5.0 }
			no_phenomenon=0.400
			rain_light=0.000
			rain_heavy=0.000
			snow=0.000
			blizzard=0.000
			arctic_water=0.000
			mud=0.000
			sandstorm=0.000
			min_snow_level=0.000
		}
	}
}
