strategic_region={
	id=4
	name="STRATEGICREGION_4"
	provinces={
		4 44 58 69 74 83 88 160 178 202 204 211 215 216 247 249 250 253 270 278 286 317 427 437 456 561 744 749 751 782 1618 1622 1641 1643 1644 1645 1646 1676 1678 1695 1700 1705 1709 1770 1780 1786 1828 1829 1836 1843 1844 1845 1853 1856 1857 1861 1864 1865 1866 1871 1872 1874 1880 1881 1885 1886 1887 1888 1897 1898 1901 1909 1948 1950 1970 1977 1979 1993 1995 1998 2038 2039 2046 2051 2058 2059 2066 2070 2071 2075 2086 2101 2102 2118 2133 2154 2155 2156 2157 2160 2161 2165 2170 2171 2173 2174 2177 2178 2179 2181 2183 2186 2187 2188 2190 2191 2192 2193 2194 2195 2197 2198 2200 2202 2205 2207 2208 2209 2210 2211 2212 2213 2214 2218 2221 2222 2224 2228 2231 2232 2233 2237 2238 2239 2240 2243 2244 2247 2248 2262 2263 2271 2274 2275 2281 2282 2283 2351 2352 2359 2365 2373 2384 2385 2393 2394 2399 2405 2409 2412 2413 2423 2424 2425 2426 2431 2434 2435 2440 2441 2450 2455 2456 2457 2461 2464 2469 2470 2471 2472 2473 2474 2475 2487 2494 2508 2515 2516 2520 2521 2536 2537 2554 2559 2570 2573 2574 2576 2578 2584 2589 2590 2593 2594 2595 2596 2597 2600 2601 2610 2612 2616 2617 2619 2620 2626 2629 2630 2635 2637 2642 2646 2654 2655 2657 2658 2668 2669 2676 2677 2717 2718 2724 2727 2728 2729 2734 2737 2738 2740 2741 2742 2743 2744 2747 2748 2752 2753 2764 2765 2777 2778 2802 2803 2812 2813 2814 2818 2822 2825 2826 2833 2834 2835 2842 2843 2851 2852 2854 2855 2868 2874 2875 2992 2993 2999 3004 3017 3025 3026 3028 3029 3047 3048 3125 3126 3129 3132 3135 3138 3139 3140 3141 3160 3161 3201 3202 3207 3211 3217 3221 3222 3227 3228 3326 3405 3406 3518 3531 3538 3552 3553 3561 3571 3574 3575 3585 3597 3615 3622 3624 3629 3630 3631 3637 3650 3752 3755 3757 3788 3790 3792 3793 3798 3799 3800 3801 3802 3803 3819 3820 3822 3823 3824 3839 3868 3869 3871 3884 3885 3886 3892 3895 3897 3913 3915 3916 3922 3923 3924 3928 3929 3930 3956 3957 3958 3959 3960 3962 3963 3964 3967 3968 3969 3970 3971 3973 3974 3982 3983 3984 4004 4005 4006 4022 4023 4024 4046 4047 4049 4051 4052 4053 4054 4055 4056 4092 4229 4230 4232 4237 4239 4240 4243 4244 4247 4250 4251 4253 4256 4257 4258 4264 4265 4266 4268 4269 4271 4273 4274 4275 4284 4285 4286 4354 4355 4356 4417 4418 4420 4422 4423 4424 4425 4426 4431 4433 4435 4439 4441 4443 4553 4554 4555 4556 4557 4558 4656 4657 4658 4660 4691 4692 4693 4755 4756 4757 4758 4759 4760 4765 4767 4771 4946 4947 4948 4952 4953 4954 4988 5013 5067 5074 5090 5104 5105 5107 5108 5109 5124 5125 5126 5127 5128 
	}
	weather={
		period={
			between={ 0.0 30.0 }
			temperature={ -18.0 1.0 }
			no_phenomenon=0.000
			rain_light=0.000
			rain_heavy=0.000
			snow=0.000
			blizzard=0.000
			arctic_water=0.000
			mud=0.000
			sandstorm=0.000
			min_snow_level=0.000
		}
		period={
			between={ 0.1 27.1 }
			temperature={ -14.0 1.0 }
			no_phenomenon=0.000
			rain_light=0.000
			rain_heavy=0.000
			snow=0.000
			blizzard=0.000
			arctic_water=0.000
			mud=0.000
			sandstorm=0.000
			min_snow_level=0.000
		}
		period={
			between={ 0.2 30.2 }
			temperature={ -12.0 2.0 }
			no_phenomenon=0.000
			rain_light=0.000
			rain_heavy=0.000
			snow=0.000
			blizzard=0.000
			arctic_water=0.000
			mud=0.125
			sandstorm=0.000
			min_snow_level=0.000
		}
		period={
			between={ 0.3 29.3 }
			temperature={ -9.0 2.0 }
			no_phenomenon=0.000
			rain_light=0.000
			rain_heavy=0.000
			snow=0.000
			blizzard=0.050
			arctic_water=0.000
			mud=0.125
			sandstorm=0.000
			min_snow_level=0.050
		}
		period={
			between={ 0.4 30.4 }
			temperature={ -3.5 5.0 }
			no_phenomenon=0.000
			rain_light=0.000
			rain_heavy=0.000
			snow=0.000
			blizzard=0.000
			arctic_water=0.000
			mud=0.125
			sandstorm=0.000
			min_snow_level=0.000
		}
		period={
			between={ 0.5 29.5 }
			temperature={ -2.3 7.0 }
			no_phenomenon=0.000
			rain_light=0.000
			rain_heavy=0.000
			snow=0.050
			blizzard=0.000
			arctic_water=0.000
			mud=0.125
			sandstorm=0.000
			min_snow_level=0.000
		}
		period={
			between={ 0.6 30.6 }
			temperature={ 6.3 7.0 }
			no_phenomenon=0.000
			rain_light=0.000
			rain_heavy=0.000
			snow=0.000
			blizzard=0.000
			arctic_water=0.000
			mud=0.125
			sandstorm=0.000
			min_snow_level=0.000
		}
		period={
			between={ 0.7 30.7 }
			temperature={ 1.2 10.0 }
			no_phenomenon=0.000
			rain_light=0.000
			rain_heavy=0.000
			snow=0.000
			blizzard=0.000
			arctic_water=0.000
			mud=0.125
			sandstorm=0.000
			min_snow_level=0.000
		}
		period={
			between={ 0.8 29.8 }
			temperature={ -1.5 7.0 }
			no_phenomenon=0.000
			rain_light=0.000
			rain_heavy=0.000
			snow=0.000
			blizzard=0.050
			arctic_water=0.000
			mud=0.125
			sandstorm=0.000
			min_snow_level=0.000
		}
		period={
			between={ 0.9 30.9 }
			temperature={ -1.0 5.0 }
			no_phenomenon=0.000
			rain_light=0.000
			rain_heavy=0.000
			snow=0.000
			blizzard=0.000
			arctic_water=0.000
			mud=0.125
			sandstorm=0.000
			min_snow_level=0.000
		}
		period={
			between={ 0.10 29.10 }
			temperature={ -12.0 3.0 }
			no_phenomenon=0.000
			rain_light=0.000
			rain_heavy=0.000
			snow=0.000
			blizzard=0.000
			arctic_water=0.000
			mud=0.125
			sandstorm=0.000
			min_snow_level=0.050
		}
		period={
			between={ 0.11 30.11 }
			temperature={ -18.0 1.0 }
			no_phenomenon=0.000
			rain_light=0.000
			rain_heavy=0.000
			snow=0.000
			blizzard=0.000
			arctic_water=0.000
			mud=0.000
			sandstorm=0.000
			min_snow_level=0.000
		}
	}
}
