state={
	id=502
	name="STATE_M2T"
	provinces={
		2598 2685 2688 2721 2722 2723 2726 2731 2732 2831 2848 2873 2878 2937 2944 2954 2962 3115 3424 3485 3530 3537 3549 3550 3596 3639 3656 3659 3670 3673 3697 3700 3705 3707 3709 3718 3720 3721 3732 3833 3835 3875 3877 3881 3882 3883 3938 3939 3940 3941 3943 3944 3972 4001 4009 4014 4028 4029 4030 4039 4040 4041 4073 4157 4188 4199 4203 4262 4276 4282 4283 4287 4289 4290 4291 4321 4327 4382 4389 4394 4586 4594 4595 4596 4608 4609 4610 4623 4624 4625 4643 4644 4645 4973 4974 4975 5004 5012 5015 5016 5017 5021 5032 5046 5048 5051 5058 5080 5088 5089 5093 5094 5106 5110 5111 5112 5113 5115 5116 5117 5118 5142 5143 5154 5155 5156 5157 5158 5159 5160 5161 5162 5163 5164 5165 5166 5167 5168 5169 5170 5171 5172 5173 5174 5175 5176 5177 5178 5179 5180 5181 5182 5183 5184 5185 5186 5187 5188 5189 5190 5191 5192 5193 5194 5195 5196 5197 5198 5199 5200 5201 5202 5203 5204 5205 5206 5207 5208 5209 5210 5211 5212 5213 5214 5215 5216 5217 5218
	}
	history={
		buildings = {
			infrastructure = 5
		}
	}
	manpower=1
	buildings_max_level_factor=1.000
	state_category=pastoral
	local_supplies=0.000
}
