1 6 3344 3337 3330 3324 3320 3314 
1 6 3314 3319 3323 3327 3336 3344 
1 6 3314 3306 4856 3301 3296 3294 
1 6 3294 3300 3765 4858 3309 3314 
1 6 3294 3292 4852 3279 3273 3265 
1 6 3265 3270 3275 4850 3287 3294 
1 7 3265 3258 3247 5069 4221 3233 3219 
1 7 3219 3232 4214 5068 3246 3257 3265 
1 7 3164 3176 3193 5061 4338 3204 3219 
1 7 3219 3203 4337 5060 3192 3175 3164 
1 6 3164 3146 4081 3112 3088 3081 
1 6 3081 3093 3111 3646 3150 3164 
1 6 3081 3062 4330 3021 2984 2976 
1 6 2976 2990 3020 4305 3069 3081 
1 6 2976 2956 4527 2942 2933 2928 
1 6 2928 2932 2947 4529 2955 2976 
1 8 2928 2922 4045 2864 4540 4543 2849 2830 
1 8 2830 2840 4545 4542 2856 4044 2914 2928 
1 8 2976 2963 4828 4639 2881 4820 2862 2853 
1 8 2853 2863 4822 2882 4641 4823 2955 2976 
1 7 2853 2824 3711 4590 2549 2628 2623 
1 7 2623 2627 2548 4588 3710 2823 2853 
1 10 2623 2605 4794 2454 2404 2343 2258 4593 2128 2111 
1 10 2111 2127 4591 2257 2358 2403 2453 4792 2604 2623 
1 8 2111 2121 5010 3949 2115 5011 2122 2112 
1 8 2112 2089 5007 2106 3947 5006 2094 2111 
1 10 2111 2082 2029 4744 1964 4734 1831 1904 1811 1801 
1 10 1801 1817 1916 1837 4736 1973 4748 2035 2081 2111 
1 6 1801 1811 1732 4682 1697 1693 
1 6 1693 1688 4684 1731 1782 1801 
1 10 1693 1690 4622 1660 3512 1605 4629 5082 1525 1522 
1 10 1522 1523 4961 4627 1602 3512 1658 4620 1683 1693 
1 8 1522 1520 3848 1486 3845 1387 1366 1355 
1 8 1355 1365 1378 3843 1478 3846 1516 1522 
1 6 1522 1526 1545 4482 1554 1577 
1 6 1577 1553 4480 1535 1525 1522 
1 5 1355 1343 1339 1322 1312 
1 5 1312 1321 1338 1342 1355 
1 7 1312 1294 1225 4101 4069 1211 1207 
1 7 1207 1210 4067 4100 1224 1293 1312 
1 6 1207 1191 1170 4666 1156 1128 
1 6 1128 1155 4664 1169 1190 1207 
1 6 1128 1101 4663 1076 1061 1052 
1 6 1052 1060 1075 4662 1100 1128 
1 6 1052 1049 5078 1029 1015 1007 
1 6 1007 1013 1023 5147 1045 1052 
1 5 1007 1004 982 970 963 
1 5 963 966 979 999 1007 
1 5 963 960 943 931 914 
1 5 914 923 940 956 963 
1 8 914 924 4465 925 919 4466 926 915 
1 8 915 904 4460 912 911 4459 906 914 
1 6 915 927 4467 920 905 3357 
1 6 3357 900 913 4461 907 915 
1 6 1693 1682 4681 1699 3375 3373 
1 6 3373 3377 1694 4678 1688 1693 
1 6 1801 1750 4933 1751 3377 3373 
1 6 3373 3376 1743 4931 1749 1801 
1 6 915 934 951 4470 965 981 
1 6 981 964 4469 950 933 915 
1 5 981 988 1002 1020 3358 
1 5 3358 1019 1001 987 981 
1 5 3358 1042 1051 1058 1069 
1 5 1069 1057 1050 1041 3358 
1 5 1069 1080 1089 1103 1129 
1 5 1129 1102 1088 1079 1069 
1 5 1129 1158 1172 1176 1186 
1 5 1186 1175 1171 1157 1129 
1 5 1186 1200 1213 1221 1240 
1 5 1240 1220 1212 1199 1186 
1 5 1240 1249 1264 1271 1281 
1 5 1281 1270 1263 1248 1240 
1 6 1281 1289 1304 4894 1323 1332 
1 6 1332 1314 4892 1297 1284 1281 
1 6 1332 1336 1344 4900 1363 1372 
1 6 1372 1352 4897 1341 1333 1332 
1 6 1372 1389 1404 4906 1469 1488 
1 6 1488 1468 4905 1403 1388 1372 
1 8 1488 1498 1508 4978 4923 3852 1590 1607 
1 8 1607 1589 3851 4922 4977 1507 1497 1488 
1 6 1607 1595 1624 4487 3368 3364 
1 6 1607 1589 1623 4488 3366 3364 
1 7 3364 3366 3865 1603 5122 1578 1568 
1 7 1568 1555 5120 1596 3863 3363 3364 
1 6 1568 1558 4416 4415 1509 1504 
1 6 1504 1505 4415 4416 1547 1568 
1 6 1504 1502 4918 1484 1459 1442 
1 6 1442 1451 1473 4916 1491 1504 
1 6 1442 1452 1447 4914 1453 1443 
1 6 1443 1425 4907 1437 1429 1442 
1 6 1443 1454 1448 4913 1455 1444 
1 6 1444 1426 4908 1438 1430 1443 
1 6 1444 1456 1449 4915 1457 1445 
1 6 1445 1427 4909 1439 1431 1444 
1 5 1445 1432 1411 1401 1392 
1 5 1392 1397 1405 1422 1445 
1 8 3364 3367 3876 4679 1669 1795 1851 1876 
1 8 1876 1850 1789 1668 4676 3870 3365 3364 
1 7 1607 1613 4618 4929 4615 1869 1899 
1 7 1899 1868 4613 4928 4616 1612 1607 
1 6 1899 1882 4494 1821 1775 1745 
1 6 1745 1765 1820 4493 1869 1899 
1 7 1745 1776 3812 1777 4174 1852 1870 
1 7 1870 1841 4172 1746 3806 1766 1745 
1 6 1870 1884 1908 4936 1945 1954 
1 6 1954 1931 4934 1900 1879 1870 
1 6 1954 1966 4939 1984 2017 2030 
1 6 2030 2012 1974 4937 1963 1954 
1 6 2030 2044 4942 2057 3381 3383 
1 6 3383 3379 2053 4940 2037 2030 
1 6 3383 3385 2131 4945 2136 2124 
1 6 2124 2100 4943 2116 3382 3383 
1 8 1745 1765 4165 4164 1753 5114 1764 1744 
1 8 1744 1726 4981 1740 4158 4159 1723 1745 
1 6 1744 1764 1819 3565 1850 1876 
1 6 1744 1774 1818 2019 1860 1876 
1 6 1744 1774 3893 3889 1793 1826 
1 6 1826 1792 1806 3975 1773 1744 
1 6 1826 1834 1835 1985 1891 1876 
1 6 1826 1812 1825 1670 1860 1876 
1 12 1744 1763 1762 3546 6 1759 3894 4175 1758 1752 3375 3373 
1 12 3373 3372 1736 1737 4152 3888 1738 10 1717 1739 1722 1744 
1 10 1876 1895 3993 3912 1914 2050 1987 5101 2095 2112 
1 10 2112 2084 5002 2042 1980 1905 3910 3997 1891 1876 
1 10 1899 1911 1928 4202 3816 2003 4220 4604 2078 2090 
1 10 2090 2065 4602 4217 2002 3814 4201 1927 1910 1899 
1 6 2090 2099 2148 4601 2229 2201 
1 6 2201 2176 4599 2135 2078 2090 
1 6 2201 2229 4438 2209 2165 2202 
1 6 2202 2183 2193 4436 2245 2201 
1 6 2202 2177 4693 2150 2108 2090 
1 6 2090 2099 2142 4691 1645 2202 
1 7 2202 2232 4232 4240 2281 2384 2373 
1 7 2373 2359 2271 4237 4229 2183 2202 
1 6 2373 2394 4253 2409 2425 2431 
1 6 2431 2423 2399 4250 2385 2373 
1 6 2431 2441 4258 2455 2487 2508 
1 6 2508 2472 2450 4256 2435 2431 
1 6 2508 2537 2559 4954 2576 2584 
1 6 2584 2573 4952 2554 2521 2508 
1 7 2584 2594 4266 4660 2610 2637 2646 
1 7 2646 2629 2600 4417 4264 2590 2584 
1 6 2646 2658 2677 4274 2718 2737 
1 6 2737 2717 4273 2676 2657 2646 
1 6 2737 2743 2765 4285 2803 2826 
1 6 2826 2802 4284 2764 2742 2737 
1 8 1826 1839 1859 3914 1923 2069 2164 2201 
1 8 2201 2163 2077 1937 3917 1867 1838 1826 
1 7 1577 1587 1649 1677 1761 1792 1826 
1 7 1826 1805 1760 1684 1653 1593 1577 
1 12 2200 2244 3971 2224 3823 3824 2228 3973 2208 3974 2231 2202 
1 12 2202 2177 3960 2192 3959 2191 3622 3624 2174 3958 2222 2200 
1 11 2198 2214 4556 2207 4553 4759 4760 2218 1995 2221 2200 
1 11 2200 2173 1979 2188 4756 4755 4555 2187 4558 2179 2198 
1 9 1552 1540 1529 1544 3854 3861 1588 1553 1577 
1 9 1577 1561 1599 3862 3855 1557 1539 1560 1552 
1 6 1566 1556 3907 3853 1559 1552 
1 6 1552 1534 3849 3901 1556 1566 
1 6 1489 1500 1512 4479 1540 1552 
1 6 1552 1531 4478 1511 1495 1489 
1 6 1384 1396 1410 4675 1472 1489 
1 6 1489 1471 4674 1409 1395 1384 
1 13 1489 1501 4652 4649 3860 1585 3516 4605 4728 1680 3880 1757 1785 
1 13 1785 1735 3878 1679 4726 4605 1632 1576 3857 4647 4650 1500 1489 
1 6 1566 1580 4483 1594 1617 1621 
1 6 1621 1611 1601 4485 1574 1566 
1 9 1621 1626 1638 1663 3523 1667 1685 1749 1801 
1 9 1801 1771 1689 1673 3529 1666 1640 1631 1621 
1 11 1693 1701 3904 1849 1944 3927 2032 2153 2220 2292 2318 
1 11 2318 2291 2219 2152 2031 3926 1943 1848 3902 1697 1693 
1 6 2318 2309 2279 4948 2243 2200 
1 6 2200 2221 4946 2269 2292 2318 
1 13 2090 2108 5020 2280 2355 4786 2422 2468 118 4795 2558 2662 2666 
1 13 2666 2652 2557 4790 108 2460 2419 4783 2345 2270 5144 2107 2090 
1 6 2666 2651 3657 2673 2702 2693 
1 6 2693 2703 2683 418 2652 2666 
1 6 2666 2679 631 3935 2628 2623 
1 6 2623 2625 3934 3633 2651 2666 
1 6 2623 2625 2649 4515 2698 2693 
1 6 2693 2682 4516 2648 2614 2623 
1 6 1128 1143 4476 1133 1142 1127 
1 6 1127 1115 1123 4472 1110 1128 
1 7 1127 1141 4090 1132 4089 1140 1126 
1 7 1126 1114 4085 1122 4086 1109 1127 
1 7 1126 1139 4967 1131 4066 1138 1125 
1 7 1125 1113 4064 1121 4963 1108 1126 
1 6 1124 1136 4475 1130 1137 1125 
1 6 1125 1107 1120 4471 1112 1124 
1 6 1124 1148 1168 5103 1179 1189 
1 6 1189 1178 4968 1167 1147 1124 
1 5 1189 1202 1215 1223 1241 
1 5 1241 1222 1214 1201 1189 
1 6 1384 1359 1328 4672 1307 1296 
1 6 1296 1306 4670 1327 1358 1384 
1 6 1296 1279 1259 4667 1247 1241 
1 6 1241 1252 4669 1261 1283 1296 
1 5 1124 1093 1087 1074 1067 
1 5 1067 1073 1086 1092 1124 
1 6 1067 1062 1043 5079 1036 1028 
1 6 1028 1032 4962 1040 1054 1067 
1 5 986 996 1006 1012 1028 
1 5 1028 1011 1005 995 986 
1 5 942 953 962 974 986 
1 5 942 952 961 973 986 
1 5 885 893 910 922 942 
1 5 885 892 909 921 942 
1 5 867 872 875 879 885 
1 5 885 878 874 871 867 
1 6 845 855 4455 861 863 867 
1 6 867 862 860 4453 854 845 
1 8 845 850 846 4452 849 4451 848 844 
1 8 844 840 4447 842 4448 843 839 845 
1 7 844 852 858 4867 868 881 884 
1 7 884 877 866 4865 857 847 844 
1 6 884 888 4458 902 937 941 
1 6 941 918 895 4456 886 884 
1 6 941 946 959 4870 977 983 
1 6 983 969 4868 957 944 941 
1 6 1027 1021 4873 1000 991 983 
1 6 983 989 997 4871 1010 1027 
1 6 1027 1035 1047 4876 1066 1081 
1 6 1081 1065 4875 1046 1034 1027 
1 6 1081 1085 1091 4879 1105 1134 
1 6 1081 1084 1090 4878 1104 1134 
1 6 1134 1160 1165 4880 1173 1185 
1 6 1185 1177 4882 1166 1162 1134 
1 6 1185 1188 1205 4883 1216 1229 
1 6 1185 1193 1206 4885 1218 1229 
1 6 1229 1239 1255 4888 1268 1272 
1 6 1272 1266 4886 1245 1236 1229 
1 6 1272 1278 1291 4891 1308 1320 
1 6 1272 1276 1282 4889 1299 1320 
1 6 1320 1331 1340 4898 1354 1370 
1 6 1320 1326 1335 4895 1349 1370 
1 6 1370 1382 1400 4903 1407 1428 
1 6 1370 1383 1394 4901 1408 1428 
1 7 1621 1615 12 4919 1476 1440 1428 
1 7 1428 1441 1477 4920 20 1610 1621 
1 11 2830 2821 2739 4035 2636 4021 2535 2421 2287 2246 2201 
1 11 2201 2245 2289 2420 2514 4020 2634 4034 2736 2811 2830 
1 6 2889 1174 4522 2861 2850 2830 
1 6 2830 2849 2867 4526 2879 2889 
1 9 2443 2433 4016 4585 2402 4782 2344 2129 2112 
1 9 2112 2122 2341 4780 2398 4583 4003 2428 2443 
1 10 2511 2527 4578 2531 2532 4015 2519 5150 2448 2443 
1 10 2443 2430 5149 2507 4002 2506 2505 4580 2490 2511 
1 6 2513 2547 2467 4505 2428 2443 
1 6 2443 2427 4503 2459 2546 2513 
1 5 3152 3137 3110 3092 3080 
1 5 3080 3091 3109 3136 3152 
1 8 3080 3061 2982 2902 3725 2809 2797 2785 
1 8 2785 2796 2808 3723 2906 2988 3060 3080 
1 6 2784 2790 5119 2787 2791 2785 
1 6 2784 2773 5095 2783 2769 2785 
1 10 2666 2671 5022 2633 4520 2692 4807 4813 2774 2785 
1 10 2785 2762 4811 4805 2686 4518 2622 5040 2679 2666 
1 6 2318 2333 4502 4708 2383 2397 
1 6 2397 2369 4706 4500 2325 2318 
1 10 2582 2577 2445 2416 3936 3989 2350 4776 2334 2318 
1 10 2318 2333 4774 2342 3985 3791 2414 2438 2572 2582 
1 6 2511 2497 4511 2564 2592 2582 
1 6 2582 2588 2568 4509 2481 2511 
1 8 2512 2529 5140 4514 4577 5141 2588 2582 
1 8 2512 2492 5136 4510 4575 5137 2577 2582 
1 6 2512 2544 2486 2498 2490 2511 
1 6 2511 2480 3671 3672 2529 2512 
1 6 2397 2407 2417 2447 2493 2513 
1 6 2397 2401 2415 2442 2484 2513 
1 9 2513 2534 3994 2556 4796 2579 2618 2674 2693 
1 9 2693 2682 2613 2583 4798 2562 3998 2547 2513 
1 7 2693 2699 2647 2707 4277 2745 2763 
1 7 2763 2751 4279 2711 2653 2703 2693 
1 6 2763 2771 2786 4539 2879 2889 
1 6 2889 2884 4537 2793 2776 2763 
1 7 2889 2898 4536 4298 2911 3391 2961 
1 7 2961 2949 2917 4301 4534 2904 2889 
1 6 2961 2967 2980 4709 3023 3042 
1 6 2961 2971 2991 4711 3030 3042 
1 6 3106 3095 4341 3055 3046 3042 
1 6 3042 3053 3064 4343 3100 3106 
1 6 3106 3117 3124 4712 3148 3394 
1 6 3106 3120 3128 4714 3393 3394 
1 6 3394 3165 3194 4313 3210 3226 
1 6 3394 3395 3174 3772 3209 3226 
1 6 1244 1257 4107 1265 1292 1305 
1 6 1305 1286 1260 4104 1254 1244 
1 6 1305 1316 4333 1329 1353 1369 
1 6 1369 1347 1324 4108 1310 1305 
1 14 1369 1381 1399 4720 4334 1446 1467 1481 4326 1492 1517 4124 1548 1562 
1 14 1562 1536 639 1514 1487 4325 1475 1467 1433 4119 4718 1393 1375 1369 
1 7 1562 1573 1597 5086 4140 1635 1642 
1 7 1642 1628 4340 5084 1591 1570 1562 
1 7 1642 1651 1659 4149 4547 1781 1802 
1 7 1802 1755 4549 4146 1656 1648 1642 
1 12 1696 1692 1725 3874 1657 3867 1620 1584 3859 1543 1574 1566 
1 12 1566 1551 1533 3856 1571 1614 3866 1655 3872 1716 1687 1696 
1 6 1696 1704 1730 4491 1814 1802 
1 6 1696 1692 1721 4489 1781 1802 
1 7 1802 1823 3838 1846 4336 1902 1915 
1 7 1915 1893 4181 1832 1474 1815 1802 
1 10 1915 1922 1942 4739 1986 4747 2021 4550 2172 2199 
1 10 2199 2158 4552 2016 4743 1978 4737 1930 1920 1915 
1 9 2199 2242 136 4764 4769 3981 3990 2378 2397 
1 9 2397 2368 3986 3979 4766 4761 131 2217 2199 
1 6 2198 2179 4435 2134 2241 2199 
1 6 2198 2157 4431 2119 2216 2199 
1 6 2199 2242 2215 4779 2301 2322 
1 6 2322 2300 2206 2146 2241 2199 
1 7 2321 2330 2324 4344 4773 2331 2322 
1 7 2322 2308 4770 2253 2317 2313 2321 
1 7 2197 2212 3969 2205 3970 2213 2198 
1 7 2197 2178 3956 2186 3957 2171 2198 
1 8 2199 2216 5018 2277 4444 5135 2097 2087 
1 8 2087 2076 5132 4440 2267 5133 2172 2199 
1 6 2087 2105 2276 4443 2171 2198 
1 6 2087 2097 2266 4439 2156 2198 
1 6 2198 2240 2118 4430 2308 2322 
1 6 2198 2214 2133 4434 2300 2322 
1 11 1785 1803 1830 4567 3908 1890 3932 4564 5001 2063 2087 
1 11 2087 2062 5087 4562 3931 1889 3906 4565 1824 1799 1785 
1 10 2087 2105 4561 2364 3635 4784 2429 5025 2482 2512 
1 10 2512 2492 5024 2432 4778 3649 2363 4559 2104 2087 
1 9 2512 2545 5030 4036 4574 4025 2640 2760 2784 
1 9 2784 2759 2644 4027 4572 4038 5028 2544 2512 
1 9 2582 2591 2565 5037 2656 4033 5044 2701 2706 
1 9 2706 2691 5042 4031 2650 5039 2569 2587 2582
1 9 2706 2714 5092 2733 2772 5097 2609 2883 2887 
1 9 2887 2877 2599 5047 2767 2725 5045 2709 2706 
1 9 2784 2795 2801 2910 2936 4637 5099 3041 3051 
1 9 3051 3034 5146 4635 2929 2905 2800 2794 2784 
1 6 2977 2995 3015 4532 3034 3051 
1 6 2977 2994 3005 4530 3033 3051 
1 6 3051 3059 3078 4834 3108 3127 
1 6 3127 3107 4833 3077 3058 3051 
1 6 3127 3134 3144 4840 3171 3189 
1 6 3189 3170 4839 3143 3133 3127 
1 6 3189 3196 4843 3200 3206 3220 
1 6 3220 3205 3199 4841 3195 3189 
1 6 3220 3235 4846 3249 3253 3256 
1 6 3220 3234 4844 3248 3252 3256 
1 6 3256 3263 4849 3268 3284 3286 
1 6 3256 3260 4847 3264 3277 3286 
1 6 3286 3291 3761 4855 3304 3311 
1 6 3286 1664 3297 4854 3303 3311 
1 6 3311 3316 3322 4861 3329 3333 
1 6 3311 3315 3321 4860 3328 3333 
1 6 3333 3338 3343 4864 3352 916 
1 6 916 3350 4862 3342 3334 3333 
1 6 2828 2847 2865 4525 2877 2887 
1 6 2828 2846 2857 4521 2876 2887 
1 11 2977 2987 2946 2996 3011 3007 2979 3016 2893 2930 2928 
1 11 2928 2920 2888 3003 2972 2997 2998 2978 2941 2987 2977 
1 7 1953 1926 4419 1862 1798 1706 1696 
1 7 1696 1703 1783 1858 4568 1925 1953 
1 11 2197 2154 5107 2075 3928 1970 4424 1770 5104 1857 1874 
1 11 1874 1881 4988 1780 4426 1977 3930 2086 5109 2170 2197 
1 7 2320 2328 1807 2323 102 2329 2321 
1 7 2321 2307 95 2316 1796 2312 2320 
1 8 1874 1888 5128 1909 4687 5131 1936 1953 
1 8 1874 1881 5126 1901 4686 5129 1925 1953 
1 6 3378 2001 3408 3406 1888 1874 
1 6 1874 1887 3405 3407 2000 3378 
1 4 1874 1880 5125 3897 
1 4 1874 1853 5067 3892 
1 9 3378 2027 5035 2049 3946 3961 2236 2306 2320 
1 9 2320 2295 2204 3951 3942 2041 4992 2024 3378 
1 6 3378 2024 1976 4742 1957 1953 
1 6 1953 1936 4740 1969 2011 3378 
1 6 2509 2539 4508 2517 2489 2510 
1 6 2510 2478 2501 4506 2523 2509 
1 9 1953 1960 4429 2055 2235 3977 2377 2476 2509 
1 9 2509 2488 2376 3978 2251 2054 4427 1960 1953 
1 8 2828 2847 2758 2866 2892 2925 2986 2977 
1 8 2977 2964 2919 2886 2858 2756 2839 2828 
1 8 2509 2538 3992 2567 2631 2689 2816 2828 
1 8 2828 2806 2687 2632 2561 3991 2539 2509 
1 12 2510 2524 5145 4012 2518 2525 123 2526 4013 4789 2528 2511 
1 12 2511 2497 4787 4000 2504 130 2503 2502 3999 5027 2496 2510 
1 7 2950 2943 2912 4964 4050 2894 2887 
1 7 2887 2890 4297 4960 2908 2935 2950 
1 7 3027 3014 3049 4699 2975 2957 2950 
1 7 2950 2952 2968 4697 3043 3002 3027 
1 6 3084 3066 4702 5054 3037 3027 
1 6 3027 3036 5052 4700 3065 3084 
1 7 3084 3099 4071 5056 3114 3158 3179 
1 7 3179 3157 3113 5055 4062 3098 3084 
1 7 3179 3188 4063 5065 3198 3396 3240 
1 7 3240 3218 3197 5064 4057 3187 3179 
1 7 3240 3244 4061 5072 3251 3267 3276 
1 7 3276 3266 3250 5071 4059 3243 3240 
1 7 3389 2586 2560 4019 4631 3388 2510 
1 7 3389 2581 2555 4017 4633 2489 2510 
1 6 3390 2645 2621 4801 2606 3389 
1 6 3389 2602 4799 2615 2639 3390 
1 6 2708 2704 2678 4804 2663 3390 
1 6 3390 2660 4802 2670 2695 2708 
1 6 2766 2757 2735 4810 2719 2708 
1 6 2708 2712 4808 2730 2750 2766 
1 6 2827 2819 2798 4816 2781 2766 
1 6 2766 2779 4814 2788 2805 2827 
1 6 2918 2900 2872 4819 2845 2827 
1 6 2827 2844 4817 2871 2899 2918 
1 6 3000 2974 2939 4826 2927 2918 
1 6 2918 2926 4824 2938 2973 3000 
1 8 3000 3013 4831 3039 2010 4837 3075 3097 
1 8 3097 3074 4836 2014 3038 4829 3012 3000 
1 6 3097 3105 3123 4705 3156 3178 
1 6 3097 3104 3122 4704 3155 3178 
1 6 2458 2446 4696 2411 2390 2372 
1 6 2372 2381 2410 4694 2437 2458 
1 6 2372 2381 4951 2375 2380 2371 
1 6 2371 2361 2367 4949 2357 2372 
1 10 2372 2362 2304 2196 4754 2103 5003 2048 2027 3378 
1 10 3378 2026 2040 4987 2093 4752 2184 2290 2349 2372 
1 6 1747 1769 1808 3920 2023 3378 
1 6 1747 1729 1797 3918 2006 3378 
1 6 3400 3399 4995 3900 1768 1747 
1 6 3400 3398 4982 3898 1724 1747 
1 6 1924 1913 4495 1886 1872 1856 
1 6 1856 1871 1898 4497 1912 1924 
1 10 1924 1939 4690 1955 3921 2080 3952 2273 2346 2371 
1 10 2371 2347 2265 3953 2074 1951 3781 4688 1934 1924 
1 6 1856 1865 1622 1646 1700 3886 
1 6 3884 1695 1644 1618 1843 1856 
1 5 3400 1661 1975 2005 1999 
1 5 1999 1992 1971 1652 3400 
1 6 1999 2004 2022 4999 2061 2056 
1 6 2056 2047 4997 2018 1988 1999 
1 5 2151 2167 2085 2060 2056 
1 5 2056 2045 2079 2132 2151 
1 5 2288 2294 2203 2166 2151 
1 5 2151 2125 2185 2272 2288 
1 8 2288 2264 4994 2319 4477 2310 2282 2263 
1 8 2288 2249 4990 2315 4499 2311 2283 2263 
1 6 2263 2275 4658 2102 2059 2058 
1 6 2058 2046 2101 4656 2233 2263 
1 6 2058 2066 3916 1897 1864 1856 
1 6 1856 1836 1885 3913 2051 2058 
1 6 3217 3211 3161 4056 3140 3135 
1 6 3217 3202 3160 4054 3138 3135 
1 6 3135 3132 3048 4053 3028 3017 
1 6 3135 3126 3047 4051 3025 3017 
1 6 2835 2855 2875 4049 2993 3017 
1 6 3017 2992 4046 2874 2854 2835 
1 6 2744 2753 69 2778 2814 2835 
1 6 2835 2813 2777 44 2752 2744 
1 19 2744 2729 2669 4271 2635 1998 4243 3924 1950 88 1709 1678 4022 3871 1643 3803 3802 2620 2612 
1 19 2612 2619 3798 3800 1641 3868 4022 1676 1705 83 1948 3922 4243 1993 2626 4268 2668 2728 2744 
1 7 2263 2282 3984 2413 1866 2464 2469 
1 7 2469 2457 1861 2412 3982 2274 2263 
1 6 2469 2475 4006 2516 2596 2612 
1 6 2612 2595 2515 4004 2474 2469 
1 4 299 3688 5036 4015 
1 4 3796 3795 5063 3772 
1 4 3764 3762 5075 4855 
1 4 3744 3742 5059 5056 
1 5 3749 3747 5152 3186 3178 
1 5 3755 3752 5074 3221 3217 
1 4 3600 3599 4996 4997 
1 4 3461 3460 4969 1205 
1 3 3440 3438 5079 
1 4 3445 3447 4966 1121 
1 4 3479 3477 4971 4900 
1 5 325 373 4972 1420 1431 
1 5 1470 291 5014 3386 3383 
1 5 4356 4354 5013 2248 2202 
1 4 260 2392 5050 4301 
1 6 4957 4958 4959 4985 1833 1826 
1 5 4957 4956 4955 4989 3910 
1 4 1991 1972 4993 1943 
1 5 3704 3701 5041 3699 2621 
1 4 3699 3695 3686 2567 
1 4 2262 2405 5090 2610 
1 4 3905 2598 2685 447 
1 10 447 2688 2721 2722 2723 2726 2731 2732 2831 449 
1 8 449 2848 2873 2878 2937 2944 2954 678 
1 6 678 2962 3115 3424 3485 1873 
1 7 1873 3530 3537 3550 3596 3639 98 
1 3 3537 3549 3492 
1 2 3492 1492 
1 2 3492 1487 
1 3 98 3659 4280 
1 3 4280 3670 801 
1 5 801 3673 3697 3700 2353 
1 3 4280 3705 1413 
1 3 1413 3707 1549 
1 4 1549 3709 3718 1619 
1 4 1619 3720 3721 2395 
1 4 3709 3732 3833 1935 
1 8 1935 3835 3875 3877 3881 3882 3883 1672 
1 7 1672 3938 3939 3940 3941 3943 2354 
1 7 2354 3944 3972 4001 4009 4014 2366 
1 7 2366 4028 4029 4030 4041 4157 447 
1 3 1672 4188 1674 
1 3 1674 4203 1675 
1 5 1675 4276 4282 4283 1742 
1 3 1742 4290 1767 
1 3 1767 4321 2360 
1 3 2360 4327 2386 
1 12 3905 4382 4389 4394 4594 4595 4596 4608 4609 4610 4623 1840 
1 11 3905 4624 4625 4643 4644 4645 4973 4974 4975 5004 1840 
1 5 1840 5012 5015 5016 4958 
1 11 1840 5017 5021 5032 5046 5048 5051 5058 5080 5088 1989 
1 6 1840 5089 5093 5094 5106 1990 
1 6 1990 5110 5111 5112 5113 2007 
1 4 2007 5116 5117 2015 
1 7 2015 5118 5142 5143 5154 5155 4280 
1 7 2007 5156 5157 5158 5159 5160 2374 
1 3 2374 5161 2396 
1 3 2396 5162 2387 
1 4 3905 5163 5164 2147 
1 8 2147 5165 5166 5167 5168 5169 5170 2162 
1 9 2162 5171 5172 5173 5174 5175 5176 5177 1875 
1 5 2162 5179 5180 5181 2226 
1 4 2226 5183 5184 5153 
1 8 3905 5185 5186 5187 5188 5189 5190 93 
1 10 93 5192 5193 5194 5195 5196 5197 5198 5199 2260 
1 6 3905 5201 5202 5203 5204 94 
1 8 94 5206 5207 5208 5210 5211 5212 4357 
1 6 5210 5213 5214 5215 5216 2261 
1 4 2261 5217 402 183 
1 10 1557 3498 4721 3505 4723 4722 3504 3506 4725 1663 
1 4 3506 4724 4607 4605 
1 7 3505 1606 246 3509 1527 1627 3512 
1 5 1659 3525 4151 3535 1783 
1 5 4828 3555 4114 4184 2979 
1 7 1753 3896 4732 3573 4733 3579 3993 
1 3 4733 3583 3914 
1 5 3686 4376 4380 4381 2689 
1 4 2355 3653 3658 2420 
1 9 2322 2314 5083 4206 3839 4092 4767 1786 2218 
1 9 2322 2332 2278 4777 286 3819 278 749 2218 
1 3 2218 3630 2188 
1 4 4777 2268 3632 3981 
1 6 4776 3650 4771 4765 3637 3971 
1 4 4858 5076 3767 3769 
1 6 1002 4717 3433 4716 4715 4467 
1 6 4090 3452 4094 3458 4095 1169 
