1 844 
1 845 
1 867 
1 884 
1 885 
1 914 
1 915 
1 916 
1 941 
1 942 
1 963 
1 981 
1 983 
1 986 
1 1007 
1 1027 
1 1028 
1 1052 
1 1067 
1 1069 
1 1081 
1 1124 
1 1125 
1 1126 
1 1127 
1 1128 
1 1129 
1 1134 
1 1185 
1 1186 
1 1189 
1 1207 
1 1229 
1 1240 
1 1241 
1 1244 
1 1272 
1 1281 
1 1296 
1 1305 
1 1320 
1 1332 
1 1355 
1 1369 
1 1370 
1 1372 
1 1384 
1 1392 
1 1428 
1 1442 
1 1443 
1 1445 
1 1488 
1 1489 
1 1504 
1 1522 
1 1552 
1 1562 
1 1566 
1 1568 
1 1577 
1 1607 
1 1621 
1 1642 
1 1693 
1 1696 
1 1744 
1 1745 
1 1785 
1 1801 
1 1802 
1 1826 
1 1856 
1 1870 
1 1874 
1 1876 
1 1899 
1 1915 
1 1924 
1 1953 
1 1954 
1 2030 
1 2058 
1 2087 
1 2090 
1 2111 
1 2112 
1 2124 
1 2197 
1 2198 
1 2199 
1 2200 
1 2201 
1 2202 
1 2318 
1 2320 
1 2321 
1 2322 
1 2371 
1 2372 
1 2373 
1 2397 
1 2431 
1 2443 
1 2458 
1 2469 
1 2508 
1 2509 
1 2510 
1 2511 
1 2512 
1 2513 
1 2582 
1 2584 
1 2612 
1 2623 
1 2666 
1 2693 
1 2706 
1 2708 
1 2737 
1 2744 
1 2763 
1 2766 
1 2784 
1 2785 
1 2826 
1 2827 
1 2828 
1 2830 
1 2853 
1 2887 
1 2889 
1 2918 
1 2928 
1 2950 
1 2961 
1 2976 
1 2977 
1 3000 
1 3017 
1 3027 
1 3042 
1 3051 
1 3080 
1 3081 
1 3084 
1 3097 
1 3106 
1 3127 
1 3135 
1 3152 
1 3164 
1 3178 
1 3179 
1 3189 
1 3217 
1 3219 
1 3220 
1 3226 
1 3240 
1 3256 
1 3265 
1 3276 
1 3286 
1 3294 
1 3311 
1 3314 
1 3333 
1 3344 
1 3357 
1 3358 
1 3364 
1 3373 
1 3378 
1 3383 
1 3389 
1 3390 
1 3394 
1 3905 
1 447 
1 449 
1 678 
1 466 
1 98 
1 4280 
1 801 
1 2353 
1 1413 
1 1549 
1 1619 
1 2359 
1 1935 
1 1672 
1 2354 
1 2366 
1 1674 
1 1675 
1 1742 
1 1767 
1 2360 
1 2386 
1 1840 
1 4957 
1 1989 
1 1990 
1 2007 
1 2015 
1 2374 
1 2396 
1 2387 
1 2147 
1 2162 
1 1875 
1 2226 
1 5153 
1 93 
1 2260 
1 94 
1 1956 
1 2261 
1 183
1 1940  
